stolb 32 128 400.554 207.314 1 12 12 10 108 
stolb 32 128 398.554 44.3144 1 12 12 10 108 
stolb 32 128 1135.36 207.901 1 12 12 10 108 
stolb 32 128 1137.36 1.23538 1 12 12 10 108 
stolb 32 128 1135.36 493.436 1 12 12 10 108 
stolb 32 128 1135.36 692.659 1 12 12 10 108 
stolb 32 128 1137.36 905.856 1 12 12 10 108 
stolb 32 128 1137.36 1103.67 1 12 12 10 108 
dom 250 250 445.333 100.165 3 97 250 0 0 58 216 97 0 95 250 155 0 
dom 250 250 695.559 100.165 3 97 250 0 0 58 216 97 0 95 250 155 0 
skam1 44 22 480.992 334.851 1 44 22 0 0 
skam1 44 22 727.276 334.851 1 44 22 0 0 
skam1 44 22 859.998 334.851 1 44 22 0 0 
skam1 44 22 625.72 334.789 1 44 22 0 0 
skam1 44 22 35.2477 169.289 1 44 22 0 0 
skam1 44 22 138.623 169.289 1 44 22 0 0